function rect_c = koeff_rectangular_1_c
%KOEFF_RECTANGULAR_1_C
%    RECT_C = KOEFF_RECTANGULAR_1_C

%    This function was generated by the Symbolic Math Toolbox version 8.7.
%    07-Apr-2021 14:19:51

t2 = 1.0./pi;
t3 = sqrt(3.0);
t4 = (t2.*t3)./2.0;
t5 = (t2.*t3)./4.0;
t7 = (t2.*t3)./8.0;
t8 = (t2.*t3)./1.0e+1;
t9 = (t2.*t3)./1.4e+1;
t10 = (t2.*t3)./1.6e+1;
t11 = (t2.*t3)./2.0e+1;
t12 = (t2.*t3)./2.2e+1;
t13 = (t2.*t3)./2.6e+1;
t14 = (t2.*t3)./2.8e+1;
t15 = (t2.*t3)./3.2e+1;
t16 = (t2.*t3)./3.4e+1;
t17 = (t2.*t3)./3.8e+1;
t18 = (t2.*t3)./4.0e+1;
t6 = -t5;
t19 = -t8;
t20 = -t10;
t21 = -t12;
t22 = -t14;
t23 = -t16;
t24 = -t18;
rect_c = [t24,t17,0.0,t23,t15,0.0,t22,t13,0.0,t21,t11,0.0,t20,t9,0.0,t19,t7,0.0,t6,t4,1.0./6.0,t4,t6,0.0,t7,t19,0.0,t9,t20,0.0,t11,t21,0.0,t13,t22,0.0,t15,t23,0.0,t17,t24];
